m: 10 l: 70 d: 26 domain:[1,20] rec_rate: 1.0 mut_rate: 0.20 words: 200
153.18
9, 9, 13, 4, 5, 6, 17, 5, 24, 26, 20, 16, 15, 4, 9, 8, 17, 17, 8, 7, 22, 4, 10, 19, 12, 12
7, 14, 9, 7, 6, 11, 8, 12, 5, 10, 8, 7, 11, 8, 6, 12, 15, 6, 7, 9, 13, 8, 12, 6, 9, 13

m: 10 l: 70 d: 26 domain:[1,20] rec_rate: 1.0 mut_rate: 0.20 words: 200
142.13
9, 14, 5, 19, 22, 16, 1, 9, 10, 14, 12, 8, 1, 13, 17, 7, 15, 4, 15, 7, 19, 5, 12, 1, 16, 20
13, 14, 12, 8, 5, 10, 11, 7, 10, 14, 15, 6, 11, 14, 11, 11, 15, 12, 14, 12, 15, 12, 6, 11, 5, 15

